0,19,6247.973818
0,20,5710.174223
0,25,15232.22007
0,26,2681.50117
0,23,2015.088547
0,24,11394.40636
0,29,1831.630023
0,30,5021.219443
0,27,16723.5026
0,28,16636.16765
0,65,2583.221036
0,66,3715.497047
0,63,13857.15285
0,64,4338.970633
0,67,6023.378093
0,68,6535.099913
0,33,5911.290071
0,34,1726.40069
0,31,4612.473282
0,32,5508.463115
0,37,10223.10069
0,38,17302.32289
0,35,1603.742098
0,36,7790.088669
0,41,3747.701982
0,42,4239.261851
0,39,2957.75056
0,40,3756.329922
0,45,2554.89198
0,46,3026.997566
0,43,2850.286182
0,44,9701.632151
0,49,2958.92504
0,50,2474.077509
0,47,7560.005536
0,48,4835.029079
0,53,3527.159827
0,54,3031.646453
0,51,1198.81525
0,52,3459.021134
0,57,1710.356572
0,58,7002.377106
0,55,1193.5935
0,56,3024.957843
0,61,6442.348326
0,62,15126.20205
0,59,4636.132767
0,60,7503.778997
0,1,4162.423167
0,2,3807.351249
0,5,10803.44382
0,6,5356.666816
0,3,8706.273563
0,4,9261.670573
0,9,4917.089262
0,10,3344.893962
0,7,2575.295957
0,8,4940.757409
0,13,637.9163699
0,14,3614.23933
0,11,9415.624354
0,12,7716.025016
0,17,3597.148567
0,18,7262.967429
0,15,3890.871944
0,16,2588.052371
0,21,1217.470523
0,22,1759.679572
1,19,2177.277822
1,20,1801.521364
1,25,18651.72518
1,26,2414.609558
1,23,3329.429831
1,24,14568.59331
1,29,5344.658684
1,30,8807.753704
1,27,20170.25445
1,28,20023.25509
1,65,3072.327351
1,66,567.2840107
1,63,17230.5672
1,64,5987.011905
1,67,9833.52467
1,68,10220.08254
1,33,8527.5861
1,34,2669.769828
1,31,8227.127288
1,32,8245.29807
1,37,13531.69454
1,38,20780.86007
1,35,2620.173551
1,36,10841.46216
1,41,7246.625935
1,42,7209.74637
1,39,3226.508165
1,40,7002.698179
1,45,5874.957302
1,46,5001.635551
1,43,5733.095861
1,44,12827.74085
1,49,1227.707774
1,50,2200.271783
1,47,11429.24052
1,48,8761.620163
1,53,6402.016382
1,54,2017.997005
1,51,4633.758513
1,52,7232.034692
1,57,3955.694057
1,58,10510.91363
1,55,3299.162804
1,56,6498.781063
1,61,9327.171046
1,62,18380.93941
1,59,8016.051164
1,60,10503.79066
1,2,956.219791
1,0,4162.423167
1,5,14184.48911
1,6,8598.388258
1,3,11739.5477
1,4,12730.1993
1,9,7205.048985
1,10,4953.268977
1,7,1604.868568
1,8,7564.573227
1,13,3905.591539
1,14,650.0182338
1,11,13055.80678
1,12,11436.42095
1,17,6047.690654
1,18,3105.357677
1,15,453.608034
1,16,4107.975385
1,21,4383.148757
1,22,3755.144076
2,19,2489.601795
2,20,2697.118854
2,25,17838.99702
2,26,1594.87531
2,23,2585.38787
2,24,13725.60155
2,29,4715.687985
2,30,8144.898234
2,27,19359.71346
2,28,19201.35016
2,65,2230.26119
2,66,514.2113276
2,63,16412.60507
2,64,5072.002659
2,67,9165.903944
2,68,9510.632285
2,33,7655.455858
2,34,2135.258564
2,31,7525.340442
2,32,7390.904109
2,37,12715.41356
2,38,19975.71498
2,35,2203.63894
2,36,10000.6747
2,41,6538.200208
2,42,6406.504236
2,39,2328.419901
2,40,6250.294525
2,45,5177.090221
2,46,4152.792732
2,43,4966.660121
2,44,11985.27018
2,49,1295.259353
2,50,1493.602927
2,47,10768.79586
2,48,8149.547974
2,53,5607.37187
2,54,1152.317515
2,51,4049.927225
2,52,6593.680841
2,57,3253.243693
2,58,9754.911971
2,55,3183.613356
2,56,5806.847999
2,61,8477.635467
2,62,17539.33807
2,59,7265.962936
2,60,9658.473764
2,1,956.219791
2,0,3807.351249
2,5,13378.57102
2,6,7812.5568
2,3,10889.92726
2,4,11949.2364
2,9,6319.211707
2,10,4067.899179
2,7,1319.274448
2,8,6707.813316
2,13,3426.306241
2,14,1174.466339
2,11,12313.43562
2,12,10726.61006
2,17,5208.492982
2,18,3599.740452
2,15,1205.758504
2,16,3270.720086
2,21,3779.60621
2,22,3045.522078
3,19,13074.18798
3,20,13540.87092
3,25,7021.998705
3,26,9326.265007
3,23,8446.556862
3,24,2839.051851
3,29,6891.580389
3,30,4276.047709
3,27,8540.901394
3,28,8346.111858
3,65,8671.200191
3,66,11172.26659
3,63,5586.312916
3,64,5962.062609
3,67,3778.758877
3,68,3080.587905
3,33,3265.283507
3,34,9291.640737
3,31,4275.598812
3,32,3499.095471
3,37,2005.864163
3,38,9174.111778
3,35,9508.250047
3,36,919.2013004
3,41,4979.643845
3,42,4587.388968
3,39,8571.251925
3,40,4964.557393
3,45,6186.341887
3,46,6740.692706
3,43,6102.608754
3,44,1108.368563
3,49,10911.04394
3,50,9558.792345
3,47,3704.003248
3,48,4819.351949
3,53,5393.304999
3,54,9743.346425
3,51,7610.917003
3,52,5438.73286
3,57,7904.142237
3,58,2278.524675
3,55,9867.437546
3,56,5681.630461
3,61,2412.912756
3,62,6651.144398
3,59,4085.19439
3,60,1238.220986
3,1,11739.5477
3,2,10889.92726
3,0,8706.273563
3,5,2719.133789
3,6,3350.589474
3,4,1928.274136
3,9,4622.036148
3,10,6836.521001
3,7,10365.57197
3,8,4182.38774
3,13,8465.822634
3,14,11487.73901
3,11,2809.832751
3,12,2884.179501
3,17,5691.911404
3,18,14260.60094
3,15,11719.84864
3,16,7632.103314
3,21,7751.41181
3,22,8080.081732
4,19,14265.82487
4,20,14513.66622
4,25,5975.081926
4,26,10355.97072
4,23,9400.994345
4,24,2434.146811
4,29,7550.050001
4,30,4323.24075
4,27,7477.314122
4,28,7375.690755
4,65,9722.485745
4,66,12168.10363
4,63,4596.569417
4,64,7302.932821
4,67,3460.582442
4,68,2805.113001
4,33,4662.849833
4,34,10146.78158
4,31,4649.757277
4,32,4754.293126
4,37,1160.281007
4,38,8071.701608
4,35,10313.40534
4,36,2342.849332
4,41,5563.542415
4,42,5547.058348
4,39,9691.863031
4,40,5733.898493
4,45,6911.972401
4,46,7833.986714
4,43,6997.178936
4,44,1513.685796
4,49,11780.5877
4,50,10530.23614
4,47,2575.93264
4,48,4707.922402
4,53,6341.887894
4,54,10798.32464
4,51,8296.56485
4,52,5811.11457
4,57,8787.180414
4,58,2261.343201
4,55,10454.28615
4,56,6320.717021
4,61,3730.103805
4,62,5899.720607
4,59,4729.774599
4,60,2675.506307
4,1,12730.1993
4,2,11949.2364
4,0,9261.670573
4,5,1565.774564
4,6,4136.746504
4,3,1928.274136
4,9,5956.208397
4,10,8013.450896
4,7,11249.70865
4,8,5403.756058
4,13,9147.045786
4,14,12397.78539
4,11,904.0023921
4,12,1876.826505
4,17,6782.707107
4,18,15447.35838
4,15,12648.71054
4,16,8688.625654
4,21,8488.279299
4,22,8982.132507
5,19,15646.52909
5,20,15976.66422
5,25,4469.437151
5,26,11791.4161
5,23,10857.456
5,24,1131.234027
5,29,9069.58694
5,30,5887.806256
5,27,5986.032767
5,28,5854.918383
5,65,11148.30983
5,66,13619.55029
5,63,3062.067675
5,64,8589.807011
5,67,5021.195954
5,68,4370.846742
5,33,5895.165158
5,34,11633.48337
5,31,6192.034776
5,32,6059.07594
5,37,713.2792762
5,38,6597.585423
5,35,11812.75739
5,36,3469.540489
5,41,7083.537049
5,42,6976.071692
5,39,11091.65303
5,40,7217.401889
5,45,8414.716096
5,46,9235.980803
5,43,8458.849795
5,44,1693.002302
5,49,13267.81286
5,50,11985.23451
5,47,3995.6429
5,48,6271.772749
5,53,7782.524483
5,54,12226.2617
5,51,9814.27553
5,52,7361.794666
5,57,10261.70476
5,58,3803.410672
5,55,11994.38102
5,56,7836.748538
5,61,4983.984876
5,62,4336.579149
5,59,6228.899505
5,60,3824.759806
5,1,14184.48911
5,2,13378.57102
5,0,10803.44382
5,6,5592.319926
5,3,2719.133789
5,4,1565.774564
5,9,7237.171476
5,10,9382.886768
5,7,12731.8598
5,8,6732.926774
5,13,10668.58675
5,14,13875.46086
5,11,1859.12146
5,12,3389.396094
5,17,8178.692538
5,18,16831.89309
5,15,14121.57565
5,16,10108.43822
5,21,9996.557944
5,22,10452.22838
6,19,10145.20727
6,20,10386.93446
6,25,10061.75643
6,26,6219.235893
6,23,5269.194456
6,24,6069.863529
6,29,3549.486431
6,30,1674.534434
6,27,11577.41698
6,28,11443.43265
6,65,5586.684417
6,66,8034.976925
6,63,8648.673224
6,64,3393.777509
6,67,2128.037766
6,68,2023.235811
6,33,1497.130308
6,34,6044.419367
6,31,1174.586159
6,32,1188.105793
6,37,4956.728609
6,38,12184.46873
6,35,6233.351046
6,36,2437.170244
6,41,1637.75856
6,42,1419.418724
6,39,5567.091604
6,40,1638.556291
6,45,2856.994423
6,46,3714.146817
6,43,2867.359415
6,44,4355.092233
6,49,7678.010875
6,50,6398.141036
6,47,3476.326208
6,48,2253.752471
6,53,2205.389461
6,54,6661.887632
6,51,4278.887712
6,52,2179.155906
6,57,4669.570354
6,58,1987.373425
6,55,6522.888035
6,56,2331.709155
6,61,1305.189828
6,62,9850.063515
6,59,752.1100531
6,60,2168.940592
6,1,8598.388258
6,2,7812.5568
6,0,5356.666816
6,5,5592.319926
6,3,3350.589474
6,4,4136.746504
6,9,2180.533959
6,10,3927.797348
6,7,7140.525526
6,8,1545.304584
6,13,5136.565545
6,14,8283.217815
6,11,4546.88122
6,12,3125.169101
6,17,2677.932774
6,18,11323.32596
6,15,8529.370163
6,16,4555.387764
6,21,4436.974252
6,22,4859.952854
7,19,3678.148014
7,20,3291.168307
7,25,17200.93549
7,26,1320.345036
7,23,1934.21155
7,24,13172.9185
7,29,3777.024179
7,30,7241.630828
7,27,18714.71598
7,28,18583.95438
7,65,1899.918277
7,66,1141.297882
7,63,15789.1923
7,64,4862.659634
7,67,8267.47373
7,68,8679.632283
7,33,7223.806885
7,34,1105.83289
7,31,6687.884106
7,32,6903.920409
7,37,12095.31348
7,38,19317.54889
7,35,1015.86586
7,36,9455.015553
7,41,5717.756527
7,42,5787.974412
7,39,2204.792692
7,40,5517.448777
7,45,4348.753289
7,46,3708.901038
7,43,4280.315262
7,44,11436.2388
7,49,547.9301908
7,50,935.5716568
7,47,9856.737572
7,48,7173.516481
7,53,4977.604265
7,54,1206.108319
7,51,3051.09041
7,52,5658.51697
7,57,2472.094532
7,58,9009.905744
7,55,1864.359371
7,56,4962.210445
7,61,7966.528054
7,62,16975.3222
7,59,6520.593505
7,60,9127.520336
7,1,1604.868568
7,2,1319.274448
7,0,2575.295957
7,5,12731.8598
7,6,7140.525526
7,3,10365.57197
7,4,11249.70865
7,9,5954.325286
7,10,3758.52193
7,8,6235.91782
7,13,2301.800503
7,14,1151.312175
7,11,11535.50414
7,12,9893.365967
7,17,4706.309689
7,18,4691.06687
7,15,1412.951698
7,16,2829.449168
7,21,2812.215982
7,22,2287.832302
8,19,8917.308942
8,20,9366.014613
8,25,11163.85142
8,26,5149.981091
8,23,4303.035435
8,24,7019.666596
8,29,3144.920932
8,30,2982.920791
8,27,12685.81337
8,28,12510.96381
8,65,4493.022621
8,66,6997.556653
8,63,9731.359828
8,64,1912.134384
8,67,3638.272185
8,68,3566.92943
8,33,997.4054995
8,34,5193.798024
8,31,2262.775122
8,32,683.4375675
8,37,6048.723114
8,38,13310.29311
8,35,5442.412929
8,36,3300.780446
8,41,1943.87728
8,42,853.7391867
8,39,4389.559238
8,40,1494.243789
8,45,2436.408089
8,46,2562.947422
8,43,2106.00151
8,44,5280.634746
8,49,6783.792417
8,50,5397.485514
8,47,5020.752735
8,48,3465.949774
8,53,1413.821998
8,54,5562.442998
8,51,3751.696368
8,52,2656.358351
8,57,3818.041295
8,58,3439.623114
8,55,6002.277959
8,56,2217.916117
8,61,1771.870967
8,62,10833.01874
8,59,1618.103125
8,60,2954.296612
8,1,7564.573227
8,2,6707.813316
8,0,4940.757409
8,5,6732.926774
8,6,1545.304584
8,3,4182.38774
8,4,5403.756058
8,9,635.3461419
8,10,2659.232394
8,7,6235.91782
8,13,4556.482181
8,14,7337.740676
8,11,5935.73442
8,12,4633.911558
8,17,1529.830731
8,18,10103.46045
8,15,7561.693408
8,16,3457.410896
8,21,3817.908841
8,22,3974.993812
9,19,8452.773537
9,20,9001.790619
9,25,11636.89769
9,26,4798.78501
9,23,4025.740199
9,24,7458.0711
9,29,3202.103769
9,30,3580.730117
9,27,13157.70322
9,28,12968.05642
9,65,4140.418706
9,66,6640.87159
9,63,10201.72086
9,64,1353.129509
9,67,4268.348061
9,68,4201.394738
9,33,1356.770324
9,34,4956.399264
9,31,2841.548891
9,32,1204.006408
9,37,6542.212306
9,38,13787.4876
9,35,5230.014569
9,36,3775.037551
9,41,2379.15161
9,42,1268.062994
9,39,3990.796869
9,40,1863.170239
9,45,2544.931096
9,46,2245.525928
9,43,2079.319664
9,44,5729.3875
9,49,6500.704505
9,50,5078.912103
9,47,5655.370558
9,48,4036.996905
9,53,1499.068849
9,54,5188.922428
9,51,3718.523903
9,52,3074.571479
9,57,3618.37682
9,58,4053.39898
9,55,5907.757835
9,56,2480.586547
9,61,2253.506893
9,62,11263.47634
9,59,2206.513688
9,60,3421.411922
9,1,7205.048985
9,2,6319.211707
9,0,4917.089262
9,5,7237.171476
9,6,2180.533959
9,3,4622.036148
9,4,5956.208397
9,10,2252.766811
9,7,5954.325286
9,8,635.3461419
9,13,4468.096607
9,14,7023.873497
9,11,6522.011385
9,12,5257.982131
9,17,1333.337693
9,18,9639.049471
9,15,7234.972261
9,16,3130.923279
9,21,3737.459129
9,22,3751.696539
10,19,6263.738709
10,20,6749.126221
10,25,13822.04497
10,26,2553.309617
10,23,1880.333319
10,24,9675.346916
10,29,2251.315786
10,30,4721.662524
10,27,15344.01883
10,28,15170.17459
10,65,1897.846998
10,66,4389.973175
10,63,12390.09107
10,64,1118.819423
10,67,5658.916637
10,68,5831.85607
10,33,3588.93798
10,34,2845.131351
10,31,3982.993606
10,32,3341.680001
10,37,8703.802861
10,38,15967.36855
10,35,3155.679141
10,36,5959.95094
10,41,3068.227809
10,42,2518.172751
10,39,1740.036376
10,40,2600.543887
10,45,2074.319645
10,46,417.2104537
10,43,1496.091573
10,44,7937.879683
10,49,4298.275178
10,50,2854.251695
10,47,7223.388898
10,48,4948.545528
10,53,1826.379956
10,54,2936.36819
10,51,2301.521351
10,52,3468.101278
10,57,1693.733107
10,58,5914.896514
10,55,4066.750265
10,56,2554.518633
10,61,4430.264667
10,62,13487.46928
10,59,3537.99939
10,60,5612.70861
10,1,4953.268977
10,2,4067.899179
10,0,3344.893962
10,5,9382.886768
10,6,3927.797348
10,3,6836.521001
10,4,8013.450896
10,9,2252.766811
10,7,3758.52193
10,8,2659.232394
10,13,2752.326487
10,14,4791.959389
10,11,8473.050929
10,12,7011.664297
10,17,1252.905677
10,18,7449.007933
10,15,4994.63126
10,16,948.8268067
10,21,2159.240286
10,22,1745.951398
11,19,14681.73189
11,20,14820.22814
11,25,5887.039723
11,26,10719.19859
11,23,9739.07131
11,24,2935.30659
11,29,7781.312757
11,30,4398.657142
11,27,7342.522918
11,28,7297.966966
11,65,10102.36444
11,66,12500.07382
11,63,4598.253402
11,64,7847.839583
11,67,3430.817558
11,68,2881.741896
11,33,5288.279211
11,34,10429.69666
11,31,4854.079582
11,32,5320.707981
11,37,1782.880038
11,38,7902.832596
11,35,10570.99468
11,36,3107.35758
11,41,5817.759834
11,42,5964.681759
11,39,10104.8148
11,40,6063.296199
11,45,7188.08105
11,46,8257.986228
11,43,7347.156362
11,44,2384.918743
11,49,12054.94023
11,50,10864.13512
11,47,2182.135296
11,48,4683.288005
11,53,6731.466569
11,54,11169.53874
11,51,8526.112086
11,52,5960.980447
11,57,9100.115979
11,58,2565.787875
11,55,10607.76289
11,56,6573.853753
11,61,4363.252538
11,62,5983.346796
11,59,5047.541896
11,60,3413.007357
11,1,13055.80678
11,2,12313.43562
11,0,9415.624354
11,5,1859.12146
11,6,4546.88122
11,3,2809.832751
11,4,904.0023921
11,9,6522.011385
11,10,8473.050929
11,7,11535.50414
11,8,5935.73442
11,13,9361.198128
11,14,12686.81018
11,12,1719.48774
11,17,7224.684368
11,18,15855.75671
11,15,12945.02197
11,16,9083.304031
11,21,8738.232974
11,22,9301.168973
12,19,13134.09457
12,20,13183.8687
12,25,7604.163742
12,26,9138.342931
12,23,8142.243701
12,24,4310.76156
12,29,6121.865346
12,30,2694.849497
12,27,9061.96514
12,28,9015.238103
12,65,8539.966114
12,66,10886.95486
12,63,6297.200949
12,64,6516.736221
12,67,1711.88144
12,68,1216.744578
12,33,4192.394898
12,34,8789.359974
12,31,3209.297916
12,32,4106.09219
12,37,3034.497302
12,38,9620.481296
12,35,8914.739125
12,36,2632.464501
12,41,4191.97406
12,42,4497.224226
12,39,8574.993867
12,40,4497.054307
12,45,5562.130607
12,46,6756.973758
12,43,5780.789114
12,44,3119.372935
12,49,10404.3631
12,50,9258.402253
12,47,821.1432645
12,48,2963.98627
12,53,5214.415799
12,54,9593.503868
12,51,6861.8667
12,52,4272.602345
12,57,7487.189421
12,58,1239.459342
12,55,8906.058349
12,56,4937.744099
12,61,3352.938253
12,62,7661.483965
12,59,3494.340817
12,60,2796.653606
12,1,11436.42095
12,2,10726.61006
12,0,7716.025016
12,5,3389.396094
12,6,3125.169101
12,3,2884.179501
12,4,1876.826505
12,9,5257.982131
12,10,7011.664297
12,7,9893.365967
12,8,4633.911558
12,13,7685.868092
12,14,11043.6657
12,11,1719.48774
12,17,5759.919237
12,18,14297.8121
12,15,11305.8953
12,16,7542.657101
12,21,7084.611271
12,22,7691.728719
13,19,5906.618601
13,20,5557.503287
13,25,15121.527
13,26,2145.993331
13,23,1391.43945
13,24,11204.61713
13,29,1599.07456
13,30,5003.672444
13,27,16623.66901
13,28,16518.76994
13,65,1973.151179
13,66,3411.105115
13,63,13729.87274
13,64,3783.666373
13,67,6024.576838
13,68,6483.392877
13,33,5544.992813
13,34,1291.279699
13,31,4512.750637
13,32,5160.58631
13,37,10064.61098
13,38,17212.99086
13,35,1285.959949
13,36,7546.65275
13,41,3585.428987
13,42,3918.794103
13,39,2336.606525
13,40,3503.314751
13,45,2280.982493
13,46,2460.658721
13,43,2450.934178
13,44,9491.067841
13,49,2763.106981
13,50,1999.903678
13,47,7597.649769
13,48,4892.999768
13,53,3157.964559
13,54,2535.317224
13,51,857.9380926
13,52,3416.419579
13,57,1084.79497
13,58,6887.161711
13,55,1446.273792
13,56,2832.394434
13,61,6143.306357
13,62,14969.28738
13,59,4448.208824
13,60,7244.829072
13,1,3905.591539
13,2,3426.306241
13,0,637.9163699
13,5,10668.58675
13,6,5136.565545
13,3,8465.822634
13,4,9147.045786
13,9,4468.096607
13,10,2752.326487
13,7,2301.800503
13,8,4556.482181
13,14,3419.459608
13,11,9361.198128
13,12,7685.868092
13,17,3135.328932
13,18,6969.686287
13,15,3692.410494
13,16,1959.306403
13,21,738.5859379
13,22,1122.544624
14,19,2820.487581
14,20,2143.888395
14,25,18344.85948
14,26,2246.791683
14,23,3041.264498
14,24,14302.81958
14,29,4925.009635
14,30,8387.874651
14,27,19859.67485
14,28,19725.72767
14,65,2895.041026
14,66,662.7151362
14,63,16931.03632
14,64,5868.953521
14,67,9413.37024
14,68,9830.318995
14,33,8317.932325
14,34,2257.117592
14,31,7838.887417
14,32,8011.640124
14,37,13235.30614
14,38,20463.89259
14,35,2142.650295
14,36,10580.45369
14,41,6869.057235
14,42,6920.326502
14,39,3122.41683
14,40,6664.36201
14,45,5499.825789
14,46,4787.230593
14,43,5418.758162
14,44,12564.27427
14,49,658.8845879
14,50,1945.277841
14,47,10999.69072
14,48,8308.018251
14,53,6109.461014
14,54,1935.409169
14,51,4194.372332
14,52,6802.937181
14,57,3613.797123
14,58,10160.05192
14,55,2685.289399
14,56,6113.493326
14,61,9082.388866
14,62,18108.87173
14,59,7669.542562
14,60,10249.56322
14,1,650.0182338
14,2,1174.466339
14,0,3614.23933
14,5,13875.46086
14,6,8283.217815
14,3,11487.73901
14,4,12397.78539
14,9,7023.873497
14,10,4791.959389
14,7,1151.312175
14,8,7337.740676
14,13,3419.459608
14,11,12686.81018
14,12,11043.6657
14,17,5809.063309
14,18,3701.406865
14,15,276.6339253
14,16,3894.454465
14,21,3960.48719
14,22,3424.202847
15,19,2579.693452
15,20,1878.227181
15,25,18590.98215
15,26,2442.002916
15,23,3275.022208
15,24,14538.93974
15,29,5189.837651
15,30,8654.029343
15,27,20106.72765
15,28,19969.87484
15,65,3097.091739
15,66,702.6344371
15,63,17175.39527
15,64,6060.032479
15,67,9679.764163
15,68,10091.82391
15,33,8537.826849
15,34,2516.783773
15,31,8099.635124
15,32,8237.801398
15,37,13478.4791
15,38,20712.36857
15,35,2413.024077
15,36,10814.61605
15,41,7127.493195
15,42,7159.856984
15,39,3302.541033
15,40,6914.812144
15,45,5757.05487
15,46,5005.203181
15,43,5662.995429
15,44,12799.52215
15,49,934.7119254
15,50,2164.209381
15,47,11267.68521
15,48,8578.828764
15,53,6349.17651
15,54,2099.584896
15,51,4461.796135
15,52,7070.076703
15,57,3861.9267
15,58,10414.32433
15,55,2954.463563
15,56,6373.012084
15,61,9311.943457
15,62,18346.97202
15,59,7922.181549
15,60,10481.93411
15,1,453.608034
15,2,1205.758504
15,0,3890.871944
15,5,14121.57565
15,6,8529.370163
15,3,11719.84864
15,4,12648.71054
15,9,7234.972261
15,10,4994.63126
15,7,1412.951698
15,8,7561.693408
15,13,3692.410494
15,14,276.6339253
15,11,12945.02197
15,12,11305.8953
15,17,6034.906135
15,18,3433.572132
15,16,4110.443798
15,21,4225.04964
15,22,3669.449514
16,19,5599.293513
16,20,5909.491244
16,25,14568.28409
16,26,1694.171164
16,23,931.5146084
16,24,10463.39744
16,29,2006.069154
16,30,5076.218274
16,27,16088.99746
16,28,15931.56274
16,65,1041.404213
16,66,3540.776502
16,63,13142.15165
16,64,2067.631009
16,67,6068.61706
16,68,6335.764883
16,33,4427.907868
16,34,1896.442977
16,31,4389.584688
16,32,4137.457893
16,37,9444.723073
16,38,16705.26735
16,35,2209.375279
16,36,6736.527686
16,41,3412.886206
16,42,3141.67207
16,39,1035.224316
16,40,3046.154979
16,45,2151.811458
16,46,895.3979068
16,43,1769.894313
16,44,8722.505909
16,49,3373.736493
16,50,1949.196731
16,47,7665.410663
16,48,5198.926418
16,53,2353.135063
16,54,2118.761143
16,51,1749.290829
16,52,3640.941927
16,57,877.8981322
16,58,6518.12149
16,55,3171.921312
16,56,2752.78246
16,61,5219.436693
16,62,14276.67798
16,59,4051.443025
16,60,6397.163715
16,1,4107.975385
16,2,3270.720086
16,0,2588.052371
16,5,10108.43822
16,6,4555.387764
16,3,7632.103314
16,4,8688.625654
16,9,3130.923279
16,10,948.8268067
16,7,2829.449168
16,8,3457.410896
16,13,1959.306403
16,14,3894.454465
16,11,9083.304031
16,12,7542.657101
16,17,1941.336858
16,18,6772.532546
16,15,4110.443798
16,21,1524.309161
16,22,859.7884091
17,19,7483.194798
17,20,7848.964601
17,25,12633.10582
17,26,3635.203115
17,23,2773.205843
17,24,8522.106225
17,29,1957.829873
17,30,3537.608932
17,27,14154.41116
17,28,13993.01929
17,65,2982.162623
17,66,5480.406652
17,63,11205.22255
17,64,1143.778578
17,67,4439.823344
17,68,4584.781693
17,33,2519.153044
17,34,3670.867904
17,31,2782.077004
17,32,2202.925235
17,37,7509.637822
17,38,14772.93918
17,35,3928.822775
17,36,4795.191658
17,41,1937.295693
17,42,1265.293315
17,39,2913.790827
17,40,1417.594462
17,45,1406.48989
17,46,1057.503518
17,43,819.8978441
17,44,6781.204107
17,49,5254.21514
17,50,3871.090032
17,47,5987.604799
17,48,3827.226633
17,53,643.2904371
17,54,4057.919828
17,51,2401.851405
17,52,2467.863293
17,57,2306.613946
17,58,4664.030767
17,55,4574.425079
17,56,1620.678431
17,61,3280.005296
17,62,12335.34315
17,59,2297.924045
17,60,4456.218585
17,1,6047.690654
17,2,5208.492982
17,0,3597.148567
17,5,8178.692538
17,6,2677.932774
17,3,5691.911404
17,4,6782.707107
17,9,1333.337693
17,10,1252.905677
17,7,4706.309689
17,8,1529.830731
17,13,3135.328932
17,14,5809.063309
17,11,7224.684368
17,12,5759.919237
17,18,8665.354924
17,15,6034.906135
17,16,1941.336858
17,21,2406.808637
17,22,2454.147453
18,19,1186.542067
18,20,2103.628746
18,25,21266.21091
18,26,5165.52819
18,23,6174.100928
18,24,17097.07469
18,29,8315.107572
18,30,11739.7019
18,27,22788.04389
18,28,22605.68566
18,65,5758.769391
18,66,3559.992262
18,63,19832.65278
18,64,8310.180312
18,67,12758.44833
18,68,13084.32051
18,33,10995.71422
18,34,5694.991112
18,31,11107.46047
18,32,10782.89871
18,37,16151.72443
18,38,23413.59799
18,35,5695.153895
18,36,13399.66588
18,41,10119.82796
18,42,9905.185715
18,39,5756.662686
18,40,9805.182698
18,45,8767.182242
18,46,7613.564701
18,43,8519.20225
18,44,15367.14259
18,49,4329.202958
18,50,5092.991131
18,47,14362.06675
18,48,11749.13214
18,53,9125.23837
18,54,4707.980705
18,51,7641.026683
18,52,10193.09848
18,57,6848.966168
18,58,13290.6529
18,55,6386.695507
18,56,9397.13978
18,61,11869.06515
18,62,20899.83861
18,59,10817.41239
18,60,13049.36109
18,1,3105.357677
18,2,3599.740452
18,0,7262.967429
18,5,16831.89309
18,6,11323.32596
18,3,14260.60094
18,4,15447.35838
18,9,9639.049471
18,10,7449.007933
18,7,4691.06687
18,8,10103.46045
18,13,6969.686287
18,14,3701.406865
18,11,15855.75671
18,12,14297.8121
18,17,8665.354924
18,15,3433.572132
18,16,6772.532546
18,21,7374.422496
18,22,6640.647609
19,20,1932.837875
19,25,20079.78181
19,26,4018.276351
19,23,5031.809195
19,24,15910.83758
19,29,7193.106537
19,30,10595.29896
19,27,21601.59903
19,28,21419.17282
19,65,4594.827791
19,66,2537.714377
19,63,18646.16882
19,64,7125.254694
19,67,11610.48001
19,68,11922.4047
19,33,9809.392191
19,34,4618.588332
19,31,9951.689303
19,32,9596.550004
19,37,14965.75624
19,38,22227.3039
19,35,4654.18825
19,36,12213.17859
19,41,8964.64896
19,42,8726.369269
19,39,4578.230945
19,40,8638.385026
19,45,7620.193041
19,46,6433.144866
19,43,7353.400594
19,44,14180.66262
19,49,3390.594183
19,50,3977.118302
19,47,13214.19363
19,48,10623.32834
19,53,7950.278694
19,54,3559.653615
19,51,6537.981371
19,52,9061.114286
19,57,5712.18415
19,58,12116.09561
19,55,5464.322198
19,56,8249.524341
19,61,10682.59588
19,62,19714.16532
19,59,9648.544163
19,60,11862.83356
19,1,2177.277822
19,2,2489.601795
19,0,6247.973818
19,5,15646.52909
19,6,10145.20727
19,3,13074.18798
19,4,14265.82487
19,9,8452.773537
19,10,6263.738709
19,7,3678.148014
19,8,8917.308942
19,13,5906.618601
19,14,2820.487581
19,11,14681.73189
19,12,13134.09457
19,17,7483.194798
19,18,1186.542067
19,15,2579.693452
19,16,5599.293513
19,21,6265.844189
19,22,5503.540854
20,19,1932.837875
20,25,20445.11087
20,26,4216.035234
20,23,5119.275739
20,24,16369.18042
20,29,7067.864295
20,30,10531.52843
20,27,21962.69522
20,28,21819.16973
20,65,4873.40944
20,66,2368.727103
20,63,19025.74995
20,64,7768.257571
20,67,11557.11424
20,68,11969.54437
20,33,10327.74429
20,34,4394.522404
20,31,9977.065007
20,32,10046.81371
20,37,15327.14266
20,38,22571.32416
20,35,4285.780669
20,36,12642.12741
20,41,9003.447649
20,42,9004.80573
20,39,5015.666973
20,40,8781.028664
20,45,7632.255043
20,46,6803.099195
20,43,7519.707068
20,44,14628.39776
20,49,2795.239311
20,50,3992.619568
20,47,13143.48333
20,48,10449.32112
20,53,8195.762211
20,54,3812.89463
20,51,6338.254063
20,52,8946.81271
20,57,5727.882643
20,58,12285.05012
20,55,4675.994275
20,56,8249.863185
20,61,11128.59992
20,62,20181.11928
20,59,9791.235746
20,60,12304.90671
20,1,1801.521364
20,2,2697.118854
20,0,5710.174223
20,5,15976.66422
20,6,10386.93446
20,3,13540.87092
20,4,14513.66622
20,9,9001.790619
20,10,6749.126221
20,7,3291.168307
20,8,9366.014613
20,13,5557.503287
20,14,2143.888395
20,11,14820.22814
20,12,13183.8687
20,17,7848.964601
20,18,2103.628746
20,15,1878.227181
20,16,5909.491244
20,21,6103.117264
20,22,5531.628324
21,19,6265.844189
21,20,6103.117264
21,25,14457.83639
21,26,2306.767214
21,23,1339.194604
21,24,10506.60353
21,29,964.8098788
21,30,4429.914782
21,27,15964.83161
21,28,15850.70938
21,65,1923.427058
21,66,3852.793566
21,63,13058.60651
21,64,3123.481342
21,67,5455.892707
21,68,5872.868398
21,33,4806.837342
21,34,1714.783001
21,31,3884.747871
21,32,4424.187839
21,37,9381.709836
21,38,16559.58037
21,35,1832.761751
21,36,6832.333057
21,41,2928.443273
21,42,3189.072797
21,39,2204.712577
21,40,2798.786088
21,45,1583.272898
21,46,1819.336862
21,43,1712.527655
21,44,8786.372689
21,49,3319.840844
21,50,2288.758389
21,47,7047.845617
21,48,4383.420847
21,53,2421.115401
21,54,2749.847976
21,51,283.8672417
21,52,2849.48869
21,57,723.4794385
21,58,6234.282832
21,55,2184.716994
21,56,2169.829237
21,61,5414.710101
21,62,14282.94018
21,59,3767.796667
21,60,6525.850858
21,1,4383.148757
21,2,3779.60621
21,0,1217.470523
21,5,9996.557944
21,6,4436.974252
21,3,7751.41181
21,4,8488.279299
21,9,3737.459129
21,10,2159.240286
21,7,2812.215982
21,8,3817.908841
21,13,738.5859379
21,14,3960.48719
21,11,8738.232974
21,12,7084.611271
21,17,2406.808637
21,18,7374.422496
21,15,4225.04964
21,16,1524.309161
21,22,888.9238208
22,19,5503.540854
22,20,5531.628324
22,25,14921.6593
22,26,1490.151309
22,23,478.109855
22,24,10885.10554
22,29,1706.556217
22,30,5099.721061
22,27,16437.27838
22,28,16301.61392
22,65,1038.152681
22,66,3199.105155
22,63,13506.9594
22,64,2844.616182
22,67,6120.381935
22,68,6475.005421
22,33,4969.938227
22,34,1219.03942
22,31,4485.116012
22,32,4633.25602
22,37,9811.118338
22,38,17043.19272
22,35,1478.387577
22,36,7168.303269
22,41,3499.835437
22,42,3500.145171
22,39,1319.860279
22,40,3249.673927
22,45,2133.127692
22,46,1548.155236
22,43,1994.563374
22,44,9148.671888
22,49,2831.60667
22,50,1566.678834
22,47,7723.339007
22,48,5121.961836
22,53,2689.862846
22,54,1947.161531
22,51,1168.155045
22,52,3557.71211
22,57,208.6433319
22,58,6756.345081
22,55,2324.142263
22,56,2762.297974
22,61,5686.191239
22,62,14687.8246
22,59,4261.554223
22,60,6842.386965
22,1,3755.144076
22,2,3045.522078
22,0,1759.679572
22,5,10452.22838
22,6,4859.952854
22,3,8080.081732
22,4,8982.132507
22,9,3751.696539
22,10,1745.951398
22,7,2287.832302
22,8,3974.993812
22,13,1122.544624
22,14,3424.202847
22,11,9301.168973
22,12,7691.728719
22,17,2454.147453
22,18,6640.647609
22,15,3669.449514
22,16,859.7884091
22,21,888.9238208
23,19,5031.809195
23,20,5119.275739
23,25,15325.83836
23,26,1014.706691
23,24,11263.92477
23,29,2184.66083
23,30,5565.918472
23,27,16843.48646
23,28,16700.76896
23,65,598.4973665
23,66,2767.250437
23,63,13906.97191
23,64,2999.113276
23,67,6584.400769
23,68,6925.969831
23,33,5289.735852
23,34,965.5852254
23,31,4939.953708
23,32,4973.452993
23,37,10208.68648
23,38,17452.75204
23,35,1284.811821
23,36,7540.016617
23,41,3952.844091
23,42,3887.043924
23,39,945.1872464
23,40,3678.009935
23,45,2593.413426
23,46,1781.510766
23,43,2403.81782
23,44,9524.612053
23,49,2482.087521
23,50,1129.247297
23,47,8187.975114
23,48,5597.141866
23,53,3077.121796
23,54,1472.853377
23,51,1622.636379
23,52,4031.398686
23,57,684.9939707
23,58,7186.982132
23,55,2338.077059
23,56,3223.400321
23,61,6041.474643
23,62,15072.18751
23,59,4693.180832
23,60,7208.413465
23,1,3329.429831
23,2,2585.38787
23,0,2015.088547
23,5,10857.456
23,6,5269.194456
23,3,8446.556862
23,4,9400.994345
23,9,4025.740199
23,10,1880.333319
23,7,1934.21155
23,8,4303.035435
23,13,1391.43945
23,14,3041.264498
23,11,9739.07131
23,12,8142.243701
23,17,2773.205843
23,18,6174.100928
23,15,3275.022208
23,16,931.5146084
23,21,1339.194604
23,22,478.109855
24,19,15910.83758
24,20,16369.18042
24,25,4223.057617
24,26,12157.28353
24,23,11263.92477
24,29,9611.843212
24,30,6621.046045
24,27,5731.176503
24,28,5516.539794
24,65,11503.73317
24,66,14001.37651
24,63,2796.268728
24,64,8792.554253
24,67,5840.527787
24,68,5152.920173
24,33,6101.569303
24,34,12089.13377
24,31,6823.062682
24,32,6336.229074
24,37,1278.5887
24,38,6371.619111
24,35,12292.71756
24,36,3727.146335
24,41,7647.079746
24,42,7384.975487
24,39,11409.16039
24,40,7707.825429
24,45,8926.63508
24,46,9574.152003
24,43,8896.022052
24,44,1740.912283
24,49,13716.17139
24,50,12381.7808
24,47,4990.660332
24,48,7062.025351
24,53,8195.345901
24,54,12577.62225
24,51,10346.68304
24,52,8006.391808
24,57,10703.89014
24,58,4486.032118
24,55,12574.65676
24,56,8382.635015
24,61,5248.317102
24,62,3813.740094
24,59,6763.49873
24,60,4067.154566
24,1,14568.59331
24,2,13725.60155
24,0,11394.40636
24,5,1131.234027
24,6,6069.863529
24,3,2839.051851
24,4,2434.146811
24,9,7458.0711
24,10,9675.346916
24,7,13172.9185
24,8,7019.666596
24,13,11204.61713
24,14,14302.81958
24,11,2935.30659
24,12,4310.76156
24,17,8522.106225
24,18,17097.07469
24,15,14538.93974
24,16,10463.39744
24,21,10506.60353
24,22,10885.10554
25,19,20079.78181
25,20,20445.11087
25,26,16254.84931
25,23,15325.83836
25,24,4223.057617
25,29,13523.82065
25,30,10251.36126
25,27,1521.975402
25,28,1411.079275
25,65,15609.16335
25,66,18086.33593
25,63,1435.695273
25,64,12981.99751
25,67,9311.349155
25,68,8721.375269
25,33,10281.85606
25,34,16101.88576
25,31,10622.84984
25,32,10483.45574
25,37,5123.653297
25,38,2152.29733
25,35,16278.1306
25,36,7866.869891
25,41,11536.88964
25,42,11442.11658
25,39,15542.07467
25,40,11685.26874
25,45,12877.92032
25,46,13690.50559
25,43,12928.16035
25,44,5914.004739
25,49,17736.32301
25,50,16453.12153
25,47,8001.299523
25,48,10567.33505
25,53,12249.86407
25,54,16686.97676
25,51,14269.95736
25,52,11776.06819
25,57,14731.08174
25,58,8236.28781
25,55,16425.51
25,56,12293.01222
25,61,9397.258708
25,62,1127.343641
25,59,10692.21404
25,60,8218.124397
25,1,18651.72518
25,2,17838.99702
25,0,15232.22007
25,5,4469.437151
25,6,10061.75643
25,3,7021.998705
25,4,5975.081926
25,9,11636.89769
25,10,13822.04497
25,7,17200.93549
25,8,11163.85142
25,13,15121.527
25,14,18344.85948
25,11,5887.039723
25,12,7604.163742
25,17,12633.10582
25,18,21266.21091
25,15,18590.98215
25,16,14568.28409
25,21,14457.83639
25,22,14921.6593
26,19,4018.276351
26,20,4216.035234
26,25,16254.84931
26,23,1014.706691
26,24,12157.28353
26,29,3193.312178
26,30,6577.463063
26,27,17774.85413
26,28,17621.28488
26,65,658.8531639
26,66,1847.721129
26,63,14830.48958
26,64,3622.206443
26,67,7594.136145
26,68,7923.220221
26,33,6114.411958
26,34,1021.437624
26,31,5942.525615
26,32,5830.889011
26,37,11132.06632
26,38,18388.99572
26,35,1308.83398
26,36,8430.269619
26,41,4954.856096
26,42,4816.37139
26,39,892.2435974
26,40,4656.470626
26,45,3602.901233
26,46,2587.068819
26,43,3372.117539
26,44,10416.37419
26,49,1814.961761
26,50,406.0174875
26,47,9197.90649
26,48,6611.637566
26,53,4014.646231
26,54,458.6230418
26,51,2588.997558
26,52,5046.105348
26,57,1698.364224
26,58,8160.110364
26,55,2552.102621
26,56,4232.639723
26,61,6913.554239
26,62,15970.39023
26,59,5671.958146
26,60,8091.278237
26,1,2414.609558
26,2,1594.87531
26,0,2681.50117
26,5,11791.4161
26,6,6219.235893
26,3,9326.265007
26,4,10355.97072
26,9,4798.78501
26,10,2553.309617
26,7,1320.345036
26,8,5149.981091
26,13,2145.993331
26,14,2246.791683
26,11,10719.19859
26,12,9138.342931
26,17,3635.203115
26,18,5165.52819
26,15,2442.002916
26,16,1694.171164
26,21,2306.767214
26,22,1490.151309
27,19,21601.59903
27,20,21962.69522
27,25,1521.975402
27,26,17774.85413
27,23,16843.48646
27,24,5731.176503
27,29,15027.22783
27,30,11728.10382
27,28,474.3826354
27,65,17129.73528
27,66,19605.11653
27,63,2956.01961
27,64,14502.01116
27,67,10773.22801
27,68,10199.79507
27,33,11802.30726
27,34,17614.56894
27,31,12118.88688
27,32,12005.35877
27,37,6644.782963
27,38,648.8378771
27,35,17787.6816
27,36,9388.553959
27,41,13040.85104
27,42,12961.08255
27,39,17063.7878
27,40,13197.84534
27,45,14386.56263
27,46,15211.85291
27,43,14444.46612
27,44,7432.615272
27,49,19249.04071
27,50,17971.192
27,47,9416.131566
27,48,12025.25128
27,53,13768.2387
27,54,18207.60875
27,51,15773.82227
27,52,13265.09382
27,57,16245.92842
27,58,9736.530591
27,55,17917.08548
27,56,13797.96867
27,61,10919.02603
27,62,2176.744241
27,59,12201.64293
27,60,9739.597947
27,1,20170.25445
27,2,19359.71346
27,0,16723.5026
27,5,5986.032767
27,6,11577.41698
27,3,8540.901394
27,4,7477.314122
27,9,13157.70322
27,10,15344.01883
27,7,18714.71598
27,8,12685.81337
27,13,16623.66901
27,14,19859.67485
27,11,7342.522918
27,12,9061.96514
27,17,14154.41116
27,18,22788.04389
27,15,20106.72765
27,16,16088.99746
27,21,15964.83161
27,22,16437.27838
28,19,21419.17282
28,20,21819.16973
28,25,1411.079275
28,26,17621.28488
28,23,16700.76896
28,24,5516.539794
28,29,14920.32404
28,30,11660.61367
28,27,474.3826354
28,65,16972.92769
28,66,19457.14168
28,63,2794.763892
28,64,14306.81707
28,67,10722.33746
28,68,10130.52859
28,33,11611.35221
28,34,17486.98294
28,31,12025.20103
28,32,11828.65582
28,37,6492.090731
28,38,1015.633166
28,35,17667.66594
28,36,9210.233497
28,41,12933.42018
28,42,12814.3643
28,39,16896.57536
28,40,13071.76248
28,45,14269.34075
28,46,15049.61802
28,43,14307.20114
28,44,7238.758386
28,49,19121.05126
28,50,17826.55149
28,47,9406.963012
28,48,11978.3995
28,53,13623.68672
28,54,18050.10502
28,51,15665.90514
28,52,13181.51057
28,57,16112.66345
28,58,9636.889776
28,55,17829.17946
28,56,13688.43564
28,61,10740.37716
28,62,1828.838071
28,59,12083.41735
28,60,9558.384348
28,1,20023.25509
28,2,19201.35016
28,0,16636.16765
28,5,5854.918383
28,6,11443.43265
28,3,8346.111858
28,4,7375.690755
28,9,12968.05642
28,10,15170.17459
28,7,18583.95438
28,8,12510.96381
28,13,16518.76994
28,14,19725.72767
28,11,7297.966966
28,12,9015.238103
28,17,13993.01929
28,18,22605.68566
28,15,19969.87484
28,16,15931.56274
28,21,15850.70938
28,22,16301.61392
29,19,7193.106537
29,20,7067.864295
29,25,13523.82065
29,26,3193.312178
29,23,2184.66083
29,24,9611.843212
29,30,3465.401902
29,27,15027.22783
29,28,14920.32404
29,65,2716.600942
29,66,4810.00792
29,63,12130.99191
29,64,2940.644567
29,67,4491.420254
29,68,4911.557858
29,33,4097.117633
29,34,2678.489155
29,31,2927.363701
29,32,3686.607165
29,37,8466.26597
29,38,15618.30931
29,35,2792.949394
29,36,5973.431826
29,41,1986.976745
29,42,2411.832561
29,39,2917.504368
29,40,1929.984257
29,45,724.3532787
29,46,1837.846075
29,43,1141.037931
29,44,7904.042608
29,49,4282.836168
29,50,3222.156836
29,47,6084.747263
29,48,3434.099429
29,53,1738.573258
29,54,3647.709699
29,51,746.9306003
29,52,1887.75245
29,57,1500.983545
29,58,5291.41636
29,55,2975.915951
29,56,1233.439449
29,61,4610.833179
29,62,13371.31795
29,59,2850.971225
29,60,5680.778834
29,1,5344.658684
29,2,4715.687985
29,0,1831.630023
29,5,9069.58694
29,6,3549.486431
29,3,6891.580389
29,4,7550.050001
29,9,3202.103769
29,10,2251.315786
29,7,3777.024179
29,8,3144.920932
29,13,1599.07456
29,14,4925.009635
29,11,7781.312757
29,12,6121.865346
29,17,1957.829873
29,18,8315.107572
29,15,5189.837651
29,16,2006.069154
29,21,964.8098788
29,22,1706.556217
30,19,10595.29896
30,20,10531.52843
30,25,10251.36126
30,26,6577.463063
30,23,5565.918472
30,24,6621.046045
30,29,3465.401902
30,27,11728.10382
30,28,11660.61367
30,65,6016.321709
30,66,8268.262291
30,63,8904.560268
30,64,4537.527416
30,67,1026.027452
30,68,1530.107695
30,33,3167.276804
30,34,6143.812262
30,31,765.4966158
30,32,2822.744968
30,37,5377.103043
30,38,12297.28358
30,35,6249.44736
30,36,3479.689312
30,41,1669.261034
30,42,2419.918732
30,39,6107.479481
30,40,2126.283474
30,45,2975.277371
30,46,4394.85176
30,43,3317.877296
30,44,5060.305485
30,49,7741.790969
30,50,6658.486154
30,47,2624.574846
30,48,603.4424901
30,53,2908.281328
30,54,7036.018906
30,51,4194.268177
30,52,1587.794839
30,57,4891.74207
30,58,2137.660241
30,55,6211.686168
30,56,2346.736265
30,61,2865.546218
30,62,10222.94285
30,59,1374.795595
30,60,3340.150046
30,1,8807.753704
30,2,8144.898234
30,0,5021.219443
30,5,5887.806256
30,6,1674.534434
30,3,4276.047709
30,4,4323.24075
30,9,3580.730117
30,10,4721.662524
30,7,7241.630828
30,8,2982.920791
30,13,5003.672444
30,14,8387.874651
30,11,4398.657142
30,12,2694.849497
30,17,3537.608932
30,18,11739.7019
30,15,8654.029343
30,16,5076.218274
30,21,4429.914782
30,22,5099.721061
31,19,9951.689303
31,20,9977.065007
31,25,10622.84984
31,26,5942.525615
31,23,4939.953708
31,24,6823.062682
31,29,2927.363701
31,30,765.4966158
31,27,12118.88688
31,28,12025.20103
31,65,5358.964017
31,66,7678.104387
31,63,9244.696548
31,64,3772.039566
31,67,1683.888554
31,68,1993.205824
31,33,2582.669074
31,34,5582.860184
31,32,2196.071873
31,37,5623.657721
31,38,12703.91929
31,35,5717.399889
31,36,3404.016227
31,41,987.6704708
31,42,1656.433441
31,39,5424.561156
31,40,1382.51132
31,45,2353.423488
31,46,3670.601275
31,43,2620.320889
31,44,5176.782623
31,49,7203.296128
31,50,6051.574242
31,47,3275.867316
31,48,1203.691799
31,53,2160.37323
31,54,6399.570813
31,51,3672.767428
31,52,1183.580629
31,57,4279.76152
31,58,2389.90945
31,55,5804.681773
31,56,1728.50286
31,61,2473.409385
31,62,10519.95423
31,59,646.398984
31,60,3194.715854
31,1,8227.127288
31,2,7525.340442
31,0,4612.473282
31,5,6192.034776
31,6,1174.586159
31,3,4275.598812
31,4,4649.757277
31,9,2841.548891
31,10,3982.993606
31,7,6687.884106
31,8,2262.775122
31,13,4512.750637
31,14,7838.887417
31,11,4854.079582
31,12,3209.297916
31,17,2782.077004
31,18,11107.46047
31,15,8099.635124
31,16,4389.584688
31,21,3884.747871
31,22,4485.116012
32,19,9596.550004
32,20,10046.81371
32,25,10483.45574
32,26,5830.889011
32,23,4973.452993
32,24,6336.229074
32,29,3686.607165
32,30,2822.744968
32,27,12005.35877
32,28,11828.65582
32,65,5174.50467
32,66,7678.159222
32,63,9050.407315
32,64,2548.937272
32,67,3307.196855
32,68,3120.550105
32,33,438.5904898
32,34,5852.095143
32,31,2196.071873
32,37,5371.527164
32,38,12630.78269
32,35,6092.373726
32,36,2618.471277
32,41,2184.690885
32,42,1279.431535
32,39,5072.983864
32,40,1862.403666
32,45,2963.961606
32,46,3243.935538
32,43,2716.160033
32,44,4597.26291
32,49,7451.505587
32,50,6073.865009
32,47,4565.79921
32,48,3371.469095
32,53,2003.134104
32,54,6244.989204
32,51,4335.464746
32,52,2877.259568
32,57,4470.131068
32,58,2882.219015
32,55,6601.717927
32,56,2636.338805
32,61,1088.670165
32,62,10149.59698
32,59,1576.684166
32,60,2271.162057
32,1,8245.29807
32,2,7390.904109
32,0,5508.463115
32,5,6059.07594
32,6,1188.105793
32,3,3499.095471
32,4,4754.293126
32,9,1204.006408
32,10,3341.680001
32,7,6903.920409
32,8,683.4375675
32,13,5160.58631
32,14,8011.640124
32,11,5320.707981
32,12,4106.09219
32,17,2202.925235
32,18,10782.89871
32,15,8237.801398
32,16,4137.457893
32,21,4424.187839
32,22,4633.25602
33,19,9809.392191
33,20,10327.74429
33,25,10281.85606
33,26,6114.411958
33,23,5289.735852
33,24,6101.569303
33,29,4097.117633
33,30,3167.276804
33,27,11802.30726
33,28,11611.35221
33,65,5455.799129
33,66,7961.464567
33,63,8846.458919
33,64,2700.948979
33,67,3559.534734
33,68,3295.079697
33,34,6188.263077
33,31,2582.669074
33,32,438.5904898
33,37,5195.743214
33,38,12432.9285
33,35,6439.146447
33,36,2426.787775
33,41,2622.043715
33,42,1702.263676
33,39,5328.764592
33,40,2297.56364
33,45,3377.272601
33,46,3532.723067
33,43,3094.450862
33,44,4372.779572
33,49,7771.729028
33,50,6374.4882
33,47,4715.389781
33,48,3734.22366
33,53,2389.954859
33,54,6517.051397
33,51,4730.169463
33,52,3311.59342
33,57,4814.7058
33,58,2953.680261
33,55,6989.471248
33,56,3069.354401
33,61,932.857569
33,62,9908.301773
33,59,1982.660184
33,60,2071.901891
33,1,8527.5861
