0,4162,3807,8706,9262,10803,5357,2575,4941,4917,3345,9416,7716,638,3614,3891,2588,3597,7263,6248,5710,1217,1760,2015,11394,15232,2682,16724,16636,1832,5021,4612,5508,5911,1726,1604,7790,10223,17302,2958,3756,3748,4239,2850,9702,2555,3027,7560,4835,2959,2474,1199,3459,3527,3032,1194,3025,1710,7002,4636,7504,6442,15126,13857,4339,2583,3715,6023,6535
4162,0,956,11740,12730,14184,8598,1605,7565,7205,4953,13056,11436,3906,650,454,4108,6048,3105,2177,1802,4383,3755,3329,14569,18652,2415,20170,20023,5345,8808,8227,8245,8528,2670,2620,10841,13532,20781,3227,7003,7247,7210,5733,12828,5875,5002,11429,8762,1228,2200,4634,7232,6402,2018,3299,6499,3956,10511,8016,10504,9327,18381,17231,5987,3072,567,9834,10220
3807,956,0,10890,11949,13379,7813,1319,6708,6319,4068,12313,10727,3426,1174,1206,3271,5208,3600,2490,2697,3780,3046,2585,13726,17839,1595,19360,19201,4716,8145,7525,7391,7655,2135,2204,10001,12715,19976,2328,6250,6538,6407,4967,11985,5177,4153,10769,8150,1295,1494,4050,6594,5607,1152,3184,5807,3253,9755,7266,9658,8478,17539,16413,5072,2230,514,9166,9511
8706,11740,10890,0,1928,2719,3351,10366,4182,4622,6837,2810,2884,8466,11488,11720,7632,5692,14261,13074,13541,7751,8080,8447,2839,7022,9326,8541,8346,6892,4276,4276,3499,3265,9292,9508,919,2006,9174,8571,4965,4980,4587,6103,1108,6186,6741,3704,4819,10911,9559,7611,5439,5393,9743,9867,5682,7904,2279,4085,1238,2413,6651,5586,5962,8671,11172,3779,3081
9262,12730,11949,1928,0,1566,4137,11250,5404,5956,8013,904,1877,9147,12398,12649,8689,6783,15447,14266,14514,8488,8982,9401,2434,5975,10356,7477,7376,7550,4323,4650,4754,4663,10147,10313,2343,1160,8072,9692,5734,5564,5547,6997,1514,6912,7834,2576,4708,11781,10530,8297,5811,6342,10798,10454,6321,8787,2261,4730,2676,3730,5900,4597,7303,9722,12168,3461,2805
10803,14184,13379,2719,1566,0,5592,12732,6733,7237,9383,1859,3389,10669,13875,14122,10108,8179,16832,15647,15977,9997,10452,10857,1131,4469,11791,5986,5855,9070,5888,6192,6059,5895,11633,11813,3470,713,6598,11092,7217,7084,6976,8459,1693,8415,9236,3996,6272,13268,11985,9814,7362,7783,12226,11994,7837,10262,3803,6229,3825,4984,4337,3062,8590,11148,13620,5021,4371
5357,8598,7813,3351,4137,5592,0,7141,1545,2181,3928,4547,3125,5137,8283,8529,4555,2678,11323,10145,10387,4437,4860,5269,6070,10062,6219,11577,11443,3549,1675,1175,1188,1497,6044,6233,2437,4957,12184,5567,1639,1638,1419,2867,4355,2857,3714,3476,2254,7678,6398,4279,2179,2205,6662,6523,2332,4670,1987,752,2169,1305,9850,8649,3394,5587,8035,2128,2023
2575,1605,1319,10366,11250,12732,7141,0,6236,5954,3759,11536,9893,2302,1151,1413,2829,4706,4691,3678,3291,2812,2288,1934,13173,17201,1320,18715,18584,3777,7242,6688,6904,7224,1106,1016,9455,12095,19318,2205,5517,5718,5788,4280,11436,4349,3709,9857,7174,548,936,3051,5659,4978,1206,1864,4962,2472,9010,6521,9128,7967,16975,15789,4863,1900,1141,8267,8680
4941,7565,6708,4182,5404,6733,1545,6236,0,635,2659,5936,4634,4556,7338,7562,3457,1530,10103,8917,9366,3818,3975,4303,7020,11164,5150,12686,12511,3145,2983,2263,683,997,5194,5442,3301,6049,13310,4390,1494,1944,854,2106,5281,2436,2563,5021,3466,6784,5397,3752,2656,1414,5562,6002,2218,3818,3440,1618,2954,1772,10833,9731,1912,4493,6998,3638,3567
4917,7205,6319,4622,5956,7237,2181,5954,635,0,2253,6522,5258,4468,7024,7235,3131,1333,9639,8453,9002,3737,3752,4026,7458,11637,4799,13158,12968,3202,3581,2842,1204,1357,4956,5230,3775,6542,13787,3991,1863,2379,1268,2079,5729,2545,2246,5655,4037,6501,5079,3719,3075,1499,5189,5908,2481,3618,4053,2207,3421,2254,11263,10202,1353,4140,6641,4268,4201
3345,4953,4068,6837,8013,9383,3928,3759,2659,2253,0,8473,7012,2752,4792,4995,949,1253,7449,6264,6749,2159,1746,1880,9675,13822,2553,15344,15170,2251,4722,3983,3342,3589,2845,3156,5960,8704,15967,1740,2601,3068,2518,1496,7938,2074,417,7223,4949,4298,2854,2302,3468,1826,2936,4067,2555,1694,5915,3538,5613,4430,13487,12390,1119,1898,4390,5659,5832
9416,13056,12313,2810,904,1859,4547,11536,5936,6522,8473,0,1719,9361,12687,12945,9083,7225,15856,14682,14820,8738,9301,9739,2935,5887,10719,7343,7298,7781,4399,4854,5321,5288,10430,10571,3107,1783,7903,10105,6063,5818,5965,7347,2385,7188,8258,2182,4683,12055,10864,8526,5961,6731,11170,10608,6574,9100,2566,5048,3413,4363,5983,4598,7848,10102,12500,3431,2882
7716,11436,10727,2884,1877,3389,3125,9893,4634,5258,7012,1719,0,7686,11044,11306,7543,5760,14298,13134,13184,7085,7692,8142,4311,7604,9138,9062,9015,6122,2695,3209,4106,4192,8789,8915,2632,3034,9620,8575,4497,4192,4497,5781,3119,5562,6757,821,2964,10404,9258,6862,4273,5214,9594,8906,4938,7487,1239,3494,2797,3353,7661,6297,6517,8540,10887,1712,1217
638,3906,3426,8466,9147,10669,5137,2302,4556,4468,2752,9361,7686,0,3419,3692,1959,3135,6970,5907,5558,739,1123,1391,11205,15122,2146,16624,16519,1599,5004,4513,5161,5545,1291,1286,7547,10065,17213,2337,3503,3585,3919,2451,9491,2281,2461,7598,4893,2763,2000,858,3416,3158,2535,1446,2832,1085,6887,4448,7245,6143,14969,13730,3784,1973,3411,6025,6483
3614,650,1174,11488,12398,13875,8283,1151,7338,7024,4792,12687,11044,3419,0,277,3894,5809,3701,2820,2144,3960,3424,3041,14303,18345,2247,19860,19726,4925,8388,7839,8012,8318,2257,2143,10580,13235,20464,3122,6664,6869,6920,5419,12564,5500,4787,11000,8308,659,1945,4194,6803,6109,1935,2685,6113,3614,10160,7670,10250,9082,18109,16931,5869,2895,663,9413,9830
3891,454,1206,11720,12649,14122,8529,1413,7562,7235,4995,12945,11306,3692,277,0,4110,6035,3434,2580,1878,4225,3669,3275,14539,18591,2442,20107,19970,5190,8654,8100,8238,8538,2517,2413,10815,13478,20712,3303,6915,7127,7160,5663,12800,5757,5005,11268,8579,935,2164,4462,7070,6349,2100,2954,6373,3862,10414,7922,10482,9312,18347,17175,6060,3097,703,9680,10092
2588,4108,3271,7632,8689,10108,4555,2829,3457,3131,949,9083,7543,1959,3894,4110,0,1941,6773,5599,5909,1524,860,932,10463,14568,1694,16089,15932,2006,5076,4390,4137,4428,1896,2209,6737,9445,16705,1035,3046,3413,3142,1770,8723,2152,895,7665,5199,3374,1949,1749,3641,2353,2119,3172,2753,878,6518,4051,6397,5219,14277,13142,2068,1041,3541,6069,6336
3597,6048,5208,5692,6783,8179,2678,4706,1530,1333,1253,7225,5760,3135,5809,6035,1941,0,8665,7483,7849,2407,2454,2773,8522,12633,3635,14154,13993,1958,3538,2782,2203,2519,3671,3929,4795,7510,14773,2914,1418,1937,1265,820,6781,1406,1058,5988,3827,5254,3871,2402,2468,643,4058,4574,1621,2307,4664,2298,4456,3280,12335,11205,1144,2982,5480,4440,4585
7263,3105,3600,14261,15447,16832,11323,4691,10103,9639,7449,15856,14298,6970,3701,3434,6773,8665,0,1187,2104,7374,6641,6174,17097,21266,5166,22788,22606,8315,11740,11107,10783,10996,5695,5695,13400,16152,23414,5757,9805,10120,9905,8519,15367,8767,7614,14362,11749,4329,5093,7641,10193,9125,4708,6387,9397,6849,13291,10817,13049,11869,20900,19833,8310,5759,3560,12758,13084
6248,2177,2490,13074,14266,15647,10145,3678,8917,8453,6264,14682,13134,5907,2820,2580,5599,7483,1187,0,1933,6266,5504,5032,15911,20080,4018,21602,21419,7193,10595,9952,9597,9809,4619,4654,12213,14966,22227,4578,8638,8965,8726,7353,14181,7620,6433,13214,10623,3391,3977,6538,9061,7950,3560,5464,8250,5712,12116,9649,11863,10683,19714,18646,7125,4595,2538,11610,11922
5710,1802,2697,13541,14514,15977,10387,3291,9366,9002,6749,14820,13184,5558,2144,1878,5909,7849,2104,1933,0,6103,5532,5119,16369,20445,4216,21963,21819,7068,10532,9977,10047,10328,4395,4286,12642,15327,22571,5016,8781,9003,9005,7520,14628,7632,6803,13143,10449,2795,3993,6338,8947,8196,3813,4676,8250,5728,12285,9791,12305,11129,20181,19026,7768,4873,2369,11557,11970
1217,4383,3780,7751,8488,9997,4437,2812,3818,3737,2159,8738,7085,739,3960,4225,1524,2407,7374,6266,6103,0,889,1339,10507,14458,2307,15965,15851,965,4430,3885,4424,4807,1715,1833,6832,9382,16560,2205,2799,2928,3189,1713,8786,1583,1819,7048,4383,3320,2289,284,2849,2421,2750,2185,2170,723,6234,3768,6526,5415,14283,13059,3123,1923,3853,5456,5873
1760,3755,3046,8080,8982,10452,4860,2288,3975,3752,1746,9301,7692,1123,3424,3669,860,2454,6641,5504,5532,889,0,478,10885,14922,1490,16437,16302,1707,5100,4485,4633,4970,1219,1478,7168,9811,17043,1320,3250,3500,3500,1995,9149,2133,1548,7723,5122,2832,1567,1168,3558,2690,1947,2324,2762,209,6756,4262,6842,5686,14688,13507,2845,1038,3199,6120,6475
2015,3329,2585,8447,9401,10857,5269,1934,4303,4026,1880,9739,8142,1391,3041,3275,932,2773,6174,5032,5119,1339,478,0,11264,15326,1015,16843,16701,2185,5566,4940,4973,5290,966,1285,7540,10209,17453,945,3678,3953,3887,2404,9525,2593,1782,8188,5597,2482,1129,1623,4031,3077,1473,2338,3223,685,7187,4693,7208,6041,15072,13907,2999,598,2767,6584,6926
11394,14569,13726,2839,2434,1131,6070,13173,7020,7458,9675,2935,4311,11205,14303,14539,10463,8522,17097,15911,16369,10507,10885,11264,0,4223,12157,5731,5517,9612,6621,6823,6336,6102,12089,12293,3727,1279,6372,11409,7708,7647,7385,8896,1741,8927,9574,4991,7062,13716,12382,10347,8006,8195,12578,12575,8383,10704,4486,6763,4067,5248,3814,2796,8793,11504,14001,5841,5153
15232,18652,17839,7022,5975,4469,10062,17201,11164,11637,13822,5887,7604,15122,18345,18591,14568,12633,21266,20080,20445,14458,14922,15326,4223,0,16255,1522,1411,13524,10251,10623,10483,10282,16102,16278,7867,5124,2152,15542,11685,11537,11442,12928,5914,12878,13691,8001,10567,17736,16453,14270,11776,12250,16687,16426,12293,14731,8236,10692,8218,9397,1127,1436,12982,15609,18086,9311,8721
2682,2415,1595,9326,10356,11791,6219,1320,5150,4799,2553,10719,9138,2146,2247,2442,1694,3635,5166,4018,4216,2307,1490,1015,12157,16255,0,17775,17621,3193,6577,5943,5831,6114,1021,1309,8430,11132,18389,892,4656,4955,4816,3372,10416,3603,2587,9198,6612,1815,406,2589,5046,4015,459,2552,4233,1698,8160,5672,8091,6914,15970,14830,3622,659,1848,7594,7923
16724,20170,19360,8541,7477,5986,11577,18715,12686,13158,15344,7343,9062,16624,19860,20107,16089,14154,22788,21602,21963,15965,16437,16843,5731,1522,17775,0,474,15027,11728,12119,12005,11802,17615,17788,9389,6645,649,17064,13198,13041,12961,14444,7433,14387,15212,9416,12025,19249,17971,15774,13265,13768,18208,17917,13798,16246,9737,12202,9740,10919,2177,2956,14502,17130,19605,10773,10200
16636,20023,19201,8346,7376,5855,11443,18584,12511,12968,15170,7298,9015,16519,19726,19970,15932,13993,22606,21419,21819,15851,16302,16701,5517,1411,17621,474,0,14920,11661,12025,11829,11611,17487,17668,9210,6492,1016,16897,13072,12933,12814,14307,7239,14269,15050,9407,11978,19121,17827,15666,13182,13624,18050,17829,13688,16113,9637,12083,9558,10740,1829,2795,14307,16973,19457,10722,10131
1832,5345,4716,6892,7550,9070,3549,3777,3145,3202,2251,7781,6122,1599,4925,5190,2006,1958,8315,7193,7068,965,1707,2185,9612,13524,3193,15027,14920,0,3465,2927,3687,4097,2678,2793,5973,8466,15618,2918,1930,1987,2412,1141,7904,724,1838,6085,3434,4283,3222,747,1888,1739,3648,2976,1233,1501,5291,2851,5681,4611,13371,12131,2941,2717,4810,4491,4912
5021,8808,8145,4276,4323,5888,1675,7242,2983,3581,4722,4399,2695,5004,8388,8654,5076,3538,11740,10595,10532,4430,5100,5566,6621,10251,6577,11728,11661,3465,0,765,2823,3167,6144,6249,3480,5377,12297,6107,2126,1669,2420,3318,5060,2975,4395,2625,603,7742,6658,4194,1588,2908,7036,6212,2347,4892,2138,1375,3340,2866,10223,8905,4538,6016,8268,1026,1530
4612,8227,7525,4276,4650,6192,1175,6688,2263,2842,3983,4854,3209,4513,7839,8100,4390,2782,11107,9952,9977,3885,4485,4940,6823,10623,5943,12119,12025,2927,765,0,2196,2583,5583,5717,3404,5624,12704,5425,1383,988,1656,2620,5177,2353,3671,3276,1204,7203,6052,3673,1184,2160,6400,5805,1729,4280,2390,646,3195,2473,10520,9245,3772,5359,7678,1684,1993
5508,8245,7391,3499,4754,6059,1188,6904,683,1204,3342,5321,4106,5161,8012,8238,4137,2203,10783,9597,10047,4424,4633,4973,6336,10483,5831,12005,11829,3687,2823,2196,0,439,5852,6092,2618,5372,12631,5073,1862,2185,1279,2716,4597,2964,3244,4566,3371,7452,6074,4335,2877,2003,6245,6602,2636,4470,2882,1577,2271,1089,10150,9050,2549,5175,7678,3307,3121
5911,8528,7655,3265,4663,5895,1497,7224,997,1357,3589,5288,4192,5545,8318,8538,4428,2519,10996,9809,10328,4807,4970,5290,6102,10282,6114,11802,11611,4097,3167,2583,439,0,6188,6439,2427,5196,12433,5329,2298,2622,1702,3094,4373,3377,3533,4715,3734,7772,6374,4730,3312,2390,6517,6989,3069,4815,2954,1983,2072,933,9908,8846,2701,5456,7961,3560,3295
1726,2670,2135,9292,10147,11633,6044,1106,5194,4956,2845,10430,8789,1291,2257,2517,1896,3671,5695,4619,4395,1715,1219,966,12089,16102,1021,17615,17487,2678,6144,5583,5852,6188,0,341,8378,11001,18216,1621,4417,4612,4706,3193,10355,3243,2724,8763,6092,1634,751,1964,4564,3898,1314,1555,3857,1388,7905,5417,8055,6902,15887,14692,3964,1224,2148,7170,7575
1604,2620,2204,9508,10313,11813,6233,1016,5442,5230,3156,10571,8915,1286,2143,2413,2209,3929,5695,4654,4286,1833,1478,1285,12293,16278,1309,17788,17668,2793,6249,5717,6092,6439,341,0,8592,11189,18385,1960,4598,4759,4921,3406,10563,3401,3013,8858,6166,1492,978,2055,4663,4119,1535,1243,4001,1624,8063,5586,8274,7131,16083,14874,4273,1564,2135,7274,7704
7790,10841,10001,919,2343,3470,2437,9455,3301,3775,5960,3107,2632,7547,10580,10815,6737,4795,13400,12213,12642,6832,7168,7540,3727,7867,8430,9389,9210,5973,3480,3404,2618,2427,8378,8592,0,2769,10016,7688,4046,4071,3672,5187,1986,5267,5848,3407,4050,10000,8656,6692,4552,4480,8852,8949,4766,6991,1692,3177,355,1531,7540,6433,5126,7777,10274,3125,2473
10223,13532,12715,2006,1160,713,4957,12095,6049,6542,8704,1783,3034,10065,13235,13478,9445,7510,16152,14966,15327,9382,9811,10209,1279,5124,11132,6645,6492,8466,5377,5624,5372,5196,11001,11189,2769,0,7264,10420,6591,6486,6322,7817,1004,7798,8567,3731,5801,12634,11335,9208,6803,7132,11563,11410,7233,9623,3254,5617,3124,4291,4906,3699,7894,10486,12966,4571,3890
17302,20781,19976,9174,8072,6598,12184,19318,13310,13787,15967,7903,9620,17213,20464,20712,16705,14773,23414,22227,22571,16560,17043,17453,6372,2152,18389,649,1016,15618,12297,12704,12631,12433,18216,18385,10016,7264,0,17684,13800,13633,13574,15052,8066,14984,15830,9947,12580,19850,18581,16365,13843,14379,18823,18496,14391,16851,10327,12800,10368,11546,2813,3588,15133,17745,20216,11332,10772
2958,3227,2328,8571,9692,11092,5567,2205,4390,3991,1740,10105,8575,2337,3122,3303,1035,2914,5757,4578,5016,2205,1320,945,11409,15542,892,17064,16897,2918,6107,5425,5073,5329,1621,1960,7688,10420,17684,0,4080,4447,4149,2805,9670,3163,1858,8700,6215,2707,1271,2479,4650,3374,1211,3154,3775,1485,7539,5082,7344,6161,15222,14112,2763,403,2669,7103,7370
3756,7003,6250,4965,5734,7217,1639,5517,1494,1863,2601,6063,4497,3503,6664,6915,3046,1418,9805,8638,8781,2799,3250,3678,7708,11685,4656,13198,13072,1930,2126,1383,1862,2298,4417,4598,4046,6591,13800,4080,0,550,641,1286,5989,1222,2293,4641,2415,6051,4806,2647,1214,782,5108,4905,777,3053,3509,1016,3751,2695,11488,10277,2480,4046,6443,3062,3290
3748,7247,6538,4980,5564,7084,1638,5718,1944,2379,3068,5818,4192,3585,6869,7127,3413,1937,10120,8965,9003,2928,3500,3953,7647,11537,4955,13041,12933,1987,1669,988,2185,2622,4612,4759,4071,6486,13633,4447,550,0,1117,1649,5956,1372,2730,4256,1893,6239,5067,2733,713,1294,5412,4928,759,3295,3307,895,3807,2854,11391,10145,3024,4373,6696,2656,2975
4239,7210,6407,4587,5547,6976,1419,5788,854,1268,2518,5965,4497,3919,6920,7160,3142,1265,9905,8726,9005,3189,3500,3887,7385,11442,4816,12961,12814,2412,2420,1656,1279,1702,4706,4921,3672,6322,13574,4149,641,1117,0,1515,5649,1688,2295,4751,2818,6331,5012,3080,1822,811,5255,5351,1381,3320,3401,1081,3353,2226,11189,10021,2128,4177,6644,3239,3332
2850,5733,4967,6103,6997,8459,2867,4280,2106,2079,1496,7347,5781,2451,5419,5663,1770,820,8519,7353,7520,1713,1995,2404,8896,12928,3372,14444,14307,1141,3318,2620,2716,3094,3193,3406,5187,7817,15052,2805,1286,1649,1515,0,7162,631,1113,5896,3486,4822,3533,1653,1976,716,3823,3896,1060,1809,4789,2301,4868,3730,12696,11513,1877,2760,5171,4301,4570
9702,12828,11985,1108,1514,1693,4355,11436,5281,5729,7938,2385,3119,9491,12564,12800,8723,6781,15367,14181,14628,8786,9149,9525,1741,5914,10416,7433,7239,7904,5060,5177,4597,4373,10355,10563,1986,1004,8066,9670,5989,5956,5649,7162,0,7210,7833,3912,5553,11980,10642,8634,6358,6459,10837,10875,6680,8969,2938,5066,2327,3509,5554,4478,7070,9763,12261,4397,3687
2555,5875,5177,6186,6912,8415,2857,4349,2436,2545,2074,7188,5562,2281,5500,5757,2152,1406,8767,7620,7632,1583,2133,2593,8927,12878,3603,14387,14269,724,2975,2353,2964,3377,3243,3401,5267,7798,14984,3163,1222,1372,1688,631,7210,0,1668,5595,3052,4873,3699,1425,1489,1051,4061,3687,630,1927,4664,2186,4969,3889,12700,11477,2503,3045,5325,3991,4346
3027,5002,4153,6741,7834,9236,3714,3709,2563,2246,417,8258,6757,2461,4787,5005,895,1058,7614,6433,6803,1819,1548,1782,9574,13691,2587,15212,15050,1838,4395,3671,3244,3533,2724,3013,5848,8567,15830,1858,2293,2730,2295,1113,7833,1668,0,6933,4593,4256,2843,1934,3088,1543,3004,3829,2173,1453,5693,3266,5507,4328,13388,12262,1324,1931,4435,5353,5563
7560,11429,10769,3704,2576,3996,3476,9857,5021,5655,7223,2182,821,7598,11000,11268,7665,5988,14362,13214,13143,7048,7723,8188,4991,8001,9198,9416,9407,6085,2625,3276,4566,4715,8763,8858,3407,3731,9947,8700,4641,4256,4751,5896,3912,5595,6933,0,2725,10350,9283,6806,4199,5399,9656,8735,4965,7516,1854,3690,3538,3946,8157,6759,6844,8627,10892,1604,1454
4835,8762,8150,4819,4708,6272,2254,7174,3466,4037,4949,4683,2964,4893,8308,8579,5199,3827,11749,10623,10449,4383,5122,5597,7062,10567,6612,12025,11978,3434,603,1204,3371,3734,6092,6166,4050,5801,12580,6215,2415,1893,2818,3486,5553,3052,4593,2725,0,7654,6656,4128,1569,3185,7069,6010,2448,4913,2615,1850,3926,3467,10593,9248,4888,6086,8236,1258,1911
2959,1228,1295,10911,11781,13268,7678,548,6784,6501,4298,12055,10404,2763,659,935,3374,5254,4329,3391,2795,3320,2832,2482,13716,17736,1815,19249,19121,4283,7742,7203,7452,7772,1634,1492,10000,12634,19850,2707,6051,6239,6331,4822,11980,4873,4256,10350,7654,0,1455,3548,6155,5521,1611,2074,5481,3013,9537,7051,9673,8513,17517,16326,5398,2425,920,8767,9193
2474,2200,1494,9559,10530,11985,6398,936,5397,5079,2854,10864,9258,2000,1945,2164,1949,3871,5093,3977,3993,2289,1567,1129,12382,16453,406,17971,17827,3222,6658,6052,6074,6374,751,978,8656,11335,18581,1271,4806,5067,5012,3533,10642,3699,2843,9283,6656,1455,0,2562,5102,4203,564,2207,4327,1772,8315,5820,8321,7149,16192,15033,3946,970,1638,7681,8042
1199,4634,4050,7611,8297,9814,4279,3051,3752,3719,2302,8526,6862,858,4194,4462,1749,2402,7641,6538,6338,284,1168,1623,10347,14270,2589,15774,15666,747,4194,3673,4335,4730,1964,2055,6692,9208,16365,2479,2647,2733,3080,1653,8634,1425,1934,6806,4128,3548,2562,0,2609,2341,3030,2271,1978,994,6038,3591,6392,5300,14112,12876,3206,2205,4110,5219,5654
3459,7232,6594,5439,5811,7362,2179,5659,2656,3075,3468,5961,4273,3416,6803,7070,3641,2468,10193,9061,8947,2849,3558,4031,8006,11776,5046,13265,13182,1888,1588,1184,2877,3312,4564,4663,4552,6803,13843,4650,1214,713,1822,1976,6358,1489,3088,4199,1569,6155,5102,2609,0,1844,5504,4653,915,3349,3559,1437,4318,3459,11694,10408,3599,4517,6698,2611,3079
3527,6402,5607,5393,6342,7783,2205,4978,1414,1499,1826,6731,5214,3158,6109,6349,2353,643,9125,7950,8196,2421,2690,3077,8195,12250,4015,13768,13624,1739,2908,2160,2003,2390,3898,4119,4480,7132,14379,3374,782,1294,811,716,6459,1051,1543,5399,3185,5521,4203,2341,1844,0,4457,4601,1052,2511,4166,1723,4157,3014,11999,10830,1756,3381,5837,3833,4021
3032,2018,1152,9743,10798,12226,6662,1206,5562,5189,2936,11170,9594,2535,1935,2100,2119,4058,4708,3560,3813,2750,1947,1473,12578,16687,459,18208,18050,3648,7036,6400,6245,6517,1314,1535,8852,11563,18823,1211,5108,5412,5255,3823,10837,4061,3004,9656,7069,1611,564,3030,5504,4457,0,2746,4691,2156,8609,6123,8511,7331,16391,15261,3973,1078,1458,8052,8379
1194,3299,3184,9867,10454,11994,6523,1864,6002,5908,4067,10608,8906,1446,2685,2954,3172,4574,6387,5464,4676,2185,2324,2338,12575,16426,2552,17917,17829,2976,6212,5805,6602,6989,1555,1243,8949,11410,18496,3154,4905,4928,5351,3896,10875,3687,3829,8735,6010,2074,2207,2271,4653,4601,2746,0,4194,2380,8194,5812,8656,7571,16315,15049,5149,2751,2952,7210,7728
3025,6499,5807,5682,6321,7837,2332,4962,2218,2481,2555,6574,4938,2832,6113,6373,2753,1621,9397,8250,8250,2170,2762,3223,8383,12293,4233,13798,13688,1233,2347,1729,2636,3069,3857,4001,4766,7233,14391,3775,777,759,1381,1060,6680,630,2173,4965,2448,5481,4327,1978,915,1052,4691,4194,0,2556,4065,1619,4485,3460,12138,10898,2764,3671,5951,3362,3722
1710,3956,3253,7904,8787,10262,4670,2472,3818,3618,1694,9100,7487,1085,3614,3862,878,2307,6849,5712,5728,723,209,685,10704,14731,1698,16246,16113,1501,4892,4280,4470,4815,1388,1624,6991,9623,16851,1485,3053,3295,3320,1809,8969,1927,1453,7516,4913,3013,1772,994,3349,2511,2156,2380,2556,0,6558,4064,6667,5516,14504,13318,2769,1229,3401,5913,6270
7002,10511,9755,2279,2261,3803,1987,9010,3440,4053,5915,2566,1239,6887,10160,10414,6518,4664,13291,12116,12285,6234,6756,7187,4486,8236,8160,9737,9637,5291,2138,2390,2882,2954,7905,8063,1692,3254,10327,7539,3509,3307,3401,4789,2938,4664,5693,1854,2615,9537,8315,6038,3559,4166,8609,8194,4065,6558,0,2495,1741,2120,8136,6855,5342,7539,9952,1501,804
4636,8016,7266,4085,4730,6229,752,6521,1618,2207,3538,5048,3494,4448,7670,7922,4051,2298,10817,9649,9791,3768,4262,4693,6763,10692,5672,12202,12083,2851,1375,646,1577,1983,5417,5586,3177,5617,12800,5082,1016,895,1081,2301,5066,2186,3266,3690,1850,7051,5820,3591,1437,1723,6123,5812,1619,4064,2495,0,2918,2022,10521,9291,3208,5059,7458,2159,2298
7504,10504,9658,1238,2676,3825,2169,9128,2954,3421,5613,3413,2797,7245,10250,10482,6397,4456,13049,11863,12305,6526,6842,7208,4067,8218,8091,9740,9558,5681,3340,3195,2271,2072,8055,8274,355,3124,10368,7344,3751,3807,3353,4868,2327,4969,5507,3538,3926,9673,8321,6392,4318,4157,8511,8656,4485,6667,1741,2918,0,1182,7881,6784,4771,7437,9937,3089,2479
6442,9327,8478,2413,3730,4984,1305,7967,1772,2254,4430,4363,3353,6143,9082,9312,5219,3280,11869,10683,11129,5415,5686,6041,5248,9397,6914,10919,10740,4611,2866,2473,1089,933,6902,7131,1531,4291,11546,6161,2695,2854,2226,3730,3509,3889,4328,3946,3467,8513,7149,5300,3459,3014,7331,7571,3460,5516,2120,2022,1182,0,9062,7964,3607,6258,8760,2997,2594
15126,18381,17539,6651,5900,4337,9850,16975,10833,11263,13487,5983,7661,14969,18109,18347,14277,12335,20900,19714,20181,14283,14688,15072,3814,1127,15970,2177,1829,13371,10223,10520,10150,9908,15887,16083,7540,4906,2813,15222,11488,11391,11189,12696,5554,12700,13388,8157,10593,17517,16192,14112,11694,11999,16391,16315,12138,14504,8136,10521,7881,9062,0,1430,12591,15317,17814,9337,8702
13857,17231,16413,5586,4597,3062,8649,15789,9731,10202,12390,4598,6297,13730,16931,17175,13142,11205,19833,18646,19026,13059,13507,13907,2796,1436,14830,2956,2795,12131,8905,9245,9050,8846,14692,14874,6433,3699,3588,14112,10277,10145,10021,11513,4478,11477,12262,6759,9248,16326,15033,12876,10408,10830,15261,15049,10898,13318,6855,9291,6784,7964,1430,0,11546,14183,16665,7990,7376
4339,5987,5072,5962,7303,8590,3394,4863,1912,1353,1119,7848,6517,3784,5869,6060,2068,1144,8310,7125,7768,3123,2845,2999,8793,12982,3622,14502,14307,2941,4538,3772,2549,2701,3964,4273,5126,7894,15133,2763,2480,3024,2128,1877,7070,2503,1324,6844,4888,5398,3946,3206,3599,1756,3973,5149,2764,2769,5342,3208,4771,3607,12591,11546,0,2979,5431,5363,5402
2583,3072,2230,8671,9722,11148,5587,1900,4493,4140,1898,10102,8540,1973,2895,3097,1041,2982,5759,4595,4873,1923,1038,598,11504,15609,659,17130,16973,2717,6016,5359,5175,5456,1224,1564,7777,10486,17745,403,4046,4373,4177,2760,9763,3045,1931,8627,6086,2425,970,2205,4517,3381,1078,2751,3671,1229,7539,5059,7437,6258,15317,14183,2979,0,2506,7025,7328
3715,567,514,11172,12168,13620,8035,1141,6998,6641,4390,12500,10887,3411,663,703,3541,5480,3560,2538,2369,3853,3199,2767,14001,18086,1848,19605,19457,4810,8268,7678,7678,7961,2148,2135,10274,12966,20216,2669,6443,6696,6644,5171,12261,5325,4435,10892,8236,920,1638,4110,6698,5837,1458,2952,5951,3401,9952,7458,9937,8760,17814,16665,5431,2506,0,9293,9670
6023,9834,9166,3779,3461,5021,2128,8267,3638,4268,5659,3431,1712,6025,9413,9680,6069,4440,12758,11610,11557,5456,6120,6584,5841,9311,7594,10773,10722,4491,1026,1684,3307,3560,7170,7274,3125,4571,11332,7103,3062,2656,3239,4301,4397,3991,5353,1604,1258,8767,7681,5219,2611,3833,8052,7210,3362,5913,1501,2159,3089,2997,9337,7990,5363,7025,9293,0,711
6535,10220,9511,3081,2805,4371,2023,8680,3567,4201,5832,2882,1217,6483,9830,10092,6336,4585,13084,11922,11970,5873,6475,6926,5153,8721,7923,10200,10131,4912,1530,1993,3121,3295,7575,7704,2473,3890,10772,7370,3290,2975,3332,4570,3687,4346,5563,1454,1911,9193,8042,5654,3079,4021,8379,7728,3722,6270,804,2298,2479,2594,8702,7376,5402,7328,9670,711,0
